function p = adModelPars()
% Parameter structure of the Atopic Dermatitis model
% Total 51 parameters

    p.k1 = 5.2967;
    p.k2 = 0.48665;
    p.k3 = 7.7697;
    p.b1 = 0.00012619;
    p.b2 = 0.007434;
    p.b3 = 0.030802;
    p.b4 = 0.85231;
    p.b5 = 0.29351;
    p.d1 = 0.29051;
    p.d2 = 0.14786;
    p.d3 = 8.0526;
    p.b6 = 1.2524;
    p.d4 = 0.13263;
    p.d5 = 0.0026954;
    p.d6 = 0.0066859;
    p.d7 = 6.5908e-05;
    p.b7 = 0.00032351;
    p.b8 = 0.029863;
    p.d8 = 0.21802;
    p.k5 = 19.914;
    p.k9 = 0.026875;
    p.d9 = 0.53237;
    p.b9 = 0.12853;
    p.k6 = 49.043;
    p.k10 = 0.0032331;
    p.k7 = 13.989;
    p.k8 = 71.089;
    p.k11 = 269.68;
    p.k12 = 12163;
    p.d10 = 493.98;
    p.k13 = 1731.3;
    p.k14 = 8954.3;
    p.d11 = 351.27;
    p.k15 = 54.758;
    p.k16 = 8.5749;
    p.d12 = 13.192;
    p.k17 = 3.1802;
    p.k18 = 4.4762;
    p.d13 = 45.486;
    p.k19 = 4.022;
    p.k20 = 4.3142;
    p.d14 = 24.165;
    p.k21 = 1.2045;
    p.k22 = 9.7675;
    p.d15 = 13.758;
    p.k23 = 47.971;
    p.k24 = 29.499;
    p.d16 = 20.639;
    p.k25 = 1.0439;
    p.k26 = 2.5917;
    p.d17 = 1.2987;
end
